[gd_scene load_steps=129 format=2]

[ext_resource path="res://Menu/MapSelector/MapSelector.tscn" type="PackedScene" id=1]
[ext_resource path="res://Menu/ColourSelector/ColourSelection.gd" type="Script" id=2]
[ext_resource path="res://Menu/lobby.gd" type="Script" id=3]
[ext_resource path="res://Assets/Menu/Title.png" type="Texture" id=4]
[ext_resource path="res://Menu/JoinButton.gd" type="Script" id=5]
[ext_resource path="res://Assets/Menu/JoinHover.png" type="Texture" id=6]
[ext_resource path="res://Assets/Menu/Join.png" type="Texture" id=7]
[ext_resource path="res://Assets/Menu/JoinHover7.png" type="Texture" id=8]
[ext_resource path="res://Assets/Menu/Host.png" type="Texture" id=9]
[ext_resource path="res://Assets/Menu/Options.png" type="Texture" id=10]
[ext_resource path="res://Assets/Menu/JoinHover6.png" type="Texture" id=11]
[ext_resource path="res://Assets/Menu/Exit.png" type="Texture" id=12]
[ext_resource path="res://Assets/Menu/JoinPressed.png" type="Texture" id=13]
[ext_resource path="res://Assets/Menu/menuOutline.png" type="Texture" id=14]
[ext_resource path="res://Assets/Menu/HostPressed.png" type="Texture" id=15]
[ext_resource path="res://Assets/Menu/HostMenu.png" type="Texture" id=16]
[ext_resource path="res://Assets/Menu/JoinMenu.png" type="Texture" id=17]
[ext_resource path="res://Worlds/Camera.tscn" type="PackedScene" id=18]
[ext_resource path="res://Assets/Menu/backbutton.png" type="Texture" id=19]
[ext_resource path="res://Assets/Menu/playersMenuTrans.png" type="Texture" id=20]
[ext_resource path="res://Assets/Menu/playersMenu.png" type="Texture" id=21]
[ext_resource path="res://Assets/Menu/TitlePillar.png" type="Texture" id=22]
[ext_resource path="res://Menu/LobbyCamera.gd" type="Script" id=23]
[ext_resource path="res://Worlds/WorldLight.tscn" type="PackedScene" id=24]
[ext_resource path="res://Assets/World/Clouds/cloud1.obj" type="ArrayMesh" id=25]
[ext_resource path="res://Worlds/Ambiance.tscn" type="PackedScene" id=26]
[ext_resource path="res://Assets/Menu/StartPressed.png" type="Texture" id=27]
[ext_resource path="res://Menu/Options.gd" type="Script" id=28]
[ext_resource path="res://Assets/World/Tower/Tower.tscn" type="PackedScene" id=29]
[ext_resource path="res://Assets/World/Grass/FlatGrass1.tscn" type="PackedScene" id=30]
[ext_resource path="res://Assets/World/CherryBlossom.tscn" type="PackedScene" id=31]
[ext_resource path="res://Assets/World/Tall Grass/GrassCluster.tscn" type="PackedScene" id=32]
[ext_resource path="res://Assets/World/Grass/PinkFlower.tscn" type="PackedScene" id=33]
[ext_resource path="res://Assets/World/Grass/FlatGrass2.tscn" type="PackedScene" id=34]
[ext_resource path="res://Assets/World/Grass/FlatGrass3.tscn" type="PackedScene" id=35]
[ext_resource path="res://Assets/World/Grass/BlueFlower.tscn" type="PackedScene" id=36]
[ext_resource path="res://Assets/World/RockDecal.tscn" type="PackedScene" id=37]
[ext_resource path="res://Assets/World/Petal.tscn" type="PackedScene" id=38]

[sub_resource type="AtlasTexture" id=1]
atlas = ExtResource( 19 )
region = Rect2( 16, 0, 16, 16 )

[sub_resource type="AtlasTexture" id=2]
atlas = ExtResource( 19 )
region = Rect2( 32, 0, 16, 16 )

[sub_resource type="AtlasTexture" id=3]
atlas = ExtResource( 19 )
region = Rect2( 0, 0, 16, 16 )

[sub_resource type="SpriteFrames" id=4]
animations = [ {
"frames": [ SubResource( 1 ) ],
"loop": true,
"name": "hover",
"speed": 5.0
}, {
"frames": [ SubResource( 2 ) ],
"loop": true,
"name": "focused",
"speed": 5.0
}, {
"frames": [ SubResource( 3 ) ],
"loop": true,
"name": "unfocused",
"speed": 5.0
} ]

[sub_resource type="StyleBoxEmpty" id=5]

[sub_resource type="StyleBoxEmpty" id=6]

[sub_resource type="StyleBoxEmpty" id=7]

[sub_resource type="StyleBoxEmpty" id=8]

[sub_resource type="StyleBoxEmpty" id=9]

[sub_resource type="StyleBoxEmpty" id=10]

[sub_resource type="AtlasTexture" id=11]
atlas = ExtResource( 27 )
region = Rect2( 84, 0, 84, 26 )

[sub_resource type="AtlasTexture" id=12]
atlas = ExtResource( 27 )
region = Rect2( 168, 0, 84, 26 )

[sub_resource type="AtlasTexture" id=13]
atlas = ExtResource( 27 )
region = Rect2( 252, 0, 84, 26 )

[sub_resource type="AtlasTexture" id=14]
atlas = ExtResource( 27 )
region = Rect2( 336, 0, 84, 26 )

[sub_resource type="AtlasTexture" id=15]
atlas = ExtResource( 27 )
region = Rect2( 420, 0, 84, 26 )

[sub_resource type="AtlasTexture" id=16]
atlas = ExtResource( 27 )
region = Rect2( 504, 0, 84, 26 )

[sub_resource type="AtlasTexture" id=17]
atlas = ExtResource( 27 )
region = Rect2( 588, 0, 84, 26 )

[sub_resource type="AtlasTexture" id=18]
atlas = ExtResource( 27 )
region = Rect2( 0, 0, 84, 26 )

[sub_resource type="SpriteFrames" id=19]
animations = [ {
"frames": [ SubResource( 11 ), SubResource( 12 ), SubResource( 13 ), SubResource( 14 ), SubResource( 15 ), SubResource( 16 ) ],
"loop": true,
"name": "hover",
"speed": 30.0
}, {
"frames": [ SubResource( 17 ) ],
"loop": true,
"name": "focused",
"speed": 5.0
}, {
"frames": [ SubResource( 18 ) ],
"loop": true,
"name": "unfocused",
"speed": 5.0
} ]

[sub_resource type="StyleBoxEmpty" id=20]

[sub_resource type="StyleBoxFlat" id=21]

[sub_resource type="StyleBoxEmpty" id=22]

[sub_resource type="StyleBoxEmpty" id=23]

[sub_resource type="StyleBoxEmpty" id=24]

[sub_resource type="AtlasTexture" id=25]
atlas = ExtResource( 6 )
region = Rect2( 0, 0, 105, 36 )

[sub_resource type="AtlasTexture" id=26]
atlas = ExtResource( 6 )
region = Rect2( 105, 0, 105, 36 )

[sub_resource type="AtlasTexture" id=27]
atlas = ExtResource( 6 )
region = Rect2( 210, 0, 105, 36 )

[sub_resource type="AtlasTexture" id=28]
atlas = ExtResource( 6 )
region = Rect2( 315, 0, 105, 36 )

[sub_resource type="AtlasTexture" id=29]
atlas = ExtResource( 6 )
region = Rect2( 420, 0, 105, 36 )

[sub_resource type="AtlasTexture" id=30]
atlas = ExtResource( 11 )
region = Rect2( 0, 0, 105, 36 )

[sub_resource type="AtlasTexture" id=31]
atlas = ExtResource( 8 )
region = Rect2( 0, 0, 105, 36 )

[sub_resource type="AtlasTexture" id=32]
atlas = ExtResource( 7 )
region = Rect2( 0, 0, 105, 36 )

[sub_resource type="SpriteFrames" id=33]
animations = [ {
"frames": [ SubResource( 25 ), SubResource( 26 ), SubResource( 27 ), SubResource( 28 ), SubResource( 29 ), SubResource( 30 ) ],
"loop": true,
"name": "hover",
"speed": 30.0
}, {
"frames": [ SubResource( 31 ) ],
"loop": true,
"name": "focused",
"speed": 30.0
}, {
"frames": [ SubResource( 32 ) ],
"loop": true,
"name": "unfocused",
"speed": 30.0
} ]

[sub_resource type="AtlasTexture" id=34]
atlas = ExtResource( 6 )
region = Rect2( 0, 0, 105, 36 )

[sub_resource type="AtlasTexture" id=35]
atlas = ExtResource( 6 )
region = Rect2( 105, 0, 105, 36 )

[sub_resource type="AtlasTexture" id=36]
atlas = ExtResource( 6 )
region = Rect2( 210, 0, 105, 36 )

[sub_resource type="AtlasTexture" id=37]
atlas = ExtResource( 6 )
region = Rect2( 315, 0, 105, 36 )

[sub_resource type="AtlasTexture" id=38]
atlas = ExtResource( 6 )
region = Rect2( 420, 0, 105, 36 )

[sub_resource type="AtlasTexture" id=39]
atlas = ExtResource( 11 )
region = Rect2( 0, 0, 105, 36 )

[sub_resource type="AtlasTexture" id=40]
atlas = ExtResource( 8 )
region = Rect2( 0, 0, 105, 36 )

[sub_resource type="AtlasTexture" id=41]
atlas = ExtResource( 7 )
region = Rect2( 0, 0, 105, 36 )

[sub_resource type="SpriteFrames" id=42]
animations = [ {
"frames": [ SubResource( 34 ), SubResource( 35 ), SubResource( 36 ), SubResource( 37 ), SubResource( 38 ), SubResource( 39 ) ],
"loop": true,
"name": "hover",
"speed": 60.0
}, {
"frames": [ SubResource( 40 ) ],
"loop": true,
"name": "focused",
"speed": 5.0
}, {
"frames": [ SubResource( 41 ) ],
"loop": true,
"name": "unfocused",
"speed": 5.0
} ]

[sub_resource type="AtlasTexture" id=43]
atlas = ExtResource( 9 )
region = Rect2( 105, 0, 105, 36 )

[sub_resource type="AtlasTexture" id=44]
atlas = ExtResource( 9 )
region = Rect2( 210, 0, 105, 36 )

[sub_resource type="AtlasTexture" id=45]
atlas = ExtResource( 9 )
region = Rect2( 315, 0, 105, 36 )

[sub_resource type="AtlasTexture" id=46]
atlas = ExtResource( 9 )
region = Rect2( 420, 0, 105, 36 )

[sub_resource type="AtlasTexture" id=47]
atlas = ExtResource( 9 )
region = Rect2( 525, 0, 105, 36 )

[sub_resource type="AtlasTexture" id=48]
atlas = ExtResource( 9 )
region = Rect2( 630, 0, 105, 36 )

[sub_resource type="AtlasTexture" id=49]
atlas = ExtResource( 9 )
region = Rect2( 735, 0, 105, 36 )

[sub_resource type="AtlasTexture" id=50]
atlas = ExtResource( 9 )
region = Rect2( 0, 0, 105, 36 )

[sub_resource type="SpriteFrames" id=51]
animations = [ {
"frames": [ SubResource( 43 ), SubResource( 44 ), SubResource( 45 ), SubResource( 46 ), SubResource( 47 ), SubResource( 48 ) ],
"loop": true,
"name": "hover",
"speed": 30.0
}, {
"frames": [ SubResource( 49 ) ],
"loop": true,
"name": "focused",
"speed": 5.0
}, {
"frames": [ SubResource( 50 ) ],
"loop": true,
"name": "unfocused",
"speed": 30.0
} ]

[sub_resource type="AtlasTexture" id=52]
atlas = ExtResource( 10 )
region = Rect2( 105, 0, 105, 36 )

[sub_resource type="AtlasTexture" id=53]
atlas = ExtResource( 10 )
region = Rect2( 210, 0, 105, 36 )

[sub_resource type="AtlasTexture" id=54]
atlas = ExtResource( 10 )
region = Rect2( 315, 0, 105, 36 )

[sub_resource type="AtlasTexture" id=55]
atlas = ExtResource( 10 )
region = Rect2( 420, 0, 105, 36 )

[sub_resource type="AtlasTexture" id=56]
atlas = ExtResource( 10 )
region = Rect2( 525, 0, 105, 36 )

[sub_resource type="AtlasTexture" id=57]
atlas = ExtResource( 10 )
region = Rect2( 630, 0, 105, 36 )

[sub_resource type="AtlasTexture" id=58]
atlas = ExtResource( 10 )
region = Rect2( 735, 0, 105, 36 )

[sub_resource type="AtlasTexture" id=59]
atlas = ExtResource( 10 )
region = Rect2( 0, 0, 105, 36 )

[sub_resource type="SpriteFrames" id=60]
animations = [ {
"frames": [ SubResource( 52 ), SubResource( 53 ), SubResource( 54 ), SubResource( 55 ), SubResource( 56 ), SubResource( 57 ) ],
"loop": true,
"name": "hover",
"speed": 30.0
}, {
"frames": [ SubResource( 58 ) ],
"loop": true,
"name": "focused",
"speed": 5.0
}, {
"frames": [ SubResource( 59 ) ],
"loop": true,
"name": "unfocused",
"speed": 5.0
} ]

[sub_resource type="AtlasTexture" id=61]
atlas = ExtResource( 12 )
region = Rect2( 105, 0, 105, 36 )

[sub_resource type="AtlasTexture" id=62]
atlas = ExtResource( 12 )
region = Rect2( 210, 0, 105, 36 )

[sub_resource type="AtlasTexture" id=63]
atlas = ExtResource( 12 )
region = Rect2( 315, 0, 105, 36 )

[sub_resource type="AtlasTexture" id=64]
atlas = ExtResource( 12 )
region = Rect2( 420, 0, 105, 36 )

[sub_resource type="AtlasTexture" id=65]
atlas = ExtResource( 12 )
region = Rect2( 525, 0, 105, 36 )

[sub_resource type="AtlasTexture" id=66]
atlas = ExtResource( 12 )
region = Rect2( 630, 0, 105, 36 )

[sub_resource type="AtlasTexture" id=67]
atlas = ExtResource( 12 )
region = Rect2( 735, 0, 105, 36 )

[sub_resource type="AtlasTexture" id=68]
atlas = ExtResource( 12 )
region = Rect2( 0, 0, 105, 36 )

[sub_resource type="SpriteFrames" id=69]
animations = [ {
"frames": [ SubResource( 61 ), SubResource( 62 ), SubResource( 63 ), SubResource( 64 ), SubResource( 65 ), SubResource( 66 ) ],
"loop": true,
"name": "hover",
"speed": 30.0
}, {
"frames": [ SubResource( 67 ) ],
"loop": true,
"name": "focused",
"speed": 5.0
}, {
"frames": [ SubResource( 68 ) ],
"loop": true,
"name": "unfocused",
"speed": 5.0
} ]

[sub_resource type="AtlasTexture" id=70]
atlas = ExtResource( 13 )
region = Rect2( 141, 0, 141, 168 )

[sub_resource type="AtlasTexture" id=71]
atlas = ExtResource( 13 )
region = Rect2( 282, 0, 141, 168 )

[sub_resource type="AtlasTexture" id=72]
atlas = ExtResource( 13 )
region = Rect2( 423, 0, 141, 168 )

[sub_resource type="AtlasTexture" id=73]
atlas = ExtResource( 13 )
region = Rect2( 564, 0, 141, 168 )

[sub_resource type="AtlasTexture" id=74]
atlas = ExtResource( 13 )
region = Rect2( 705, 0, 141, 168 )

[sub_resource type="AtlasTexture" id=75]
atlas = ExtResource( 15 )
region = Rect2( 0, 0, 141, 168 )

[sub_resource type="AtlasTexture" id=76]
atlas = ExtResource( 15 )
region = Rect2( 141, 0, 141, 168 )

[sub_resource type="AtlasTexture" id=77]
atlas = ExtResource( 15 )
region = Rect2( 282, 0, 141, 168 )

[sub_resource type="AtlasTexture" id=78]
atlas = ExtResource( 15 )
region = Rect2( 423, 0, 141, 168 )

[sub_resource type="AtlasTexture" id=79]
atlas = ExtResource( 15 )
region = Rect2( 564, 0, 141, 168 )

[sub_resource type="AtlasTexture" id=80]
atlas = ExtResource( 15 )
region = Rect2( 705, 0, 141, 168 )

[sub_resource type="AtlasTexture" id=81]
atlas = ExtResource( 20 )
region = Rect2( 0, 0, 141, 168 )

[sub_resource type="AtlasTexture" id=82]
atlas = ExtResource( 20 )
region = Rect2( 141, 0, 141, 168 )

[sub_resource type="AtlasTexture" id=83]
atlas = ExtResource( 20 )
region = Rect2( 282, 0, 141, 168 )

[sub_resource type="AtlasTexture" id=84]
atlas = ExtResource( 20 )
region = Rect2( 423, 0, 141, 168 )

[sub_resource type="AtlasTexture" id=85]
atlas = ExtResource( 20 )
region = Rect2( 564, 0, 141, 168 )

[sub_resource type="AtlasTexture" id=86]
atlas = ExtResource( 20 )
region = Rect2( 705, 0, 141, 168 )

[sub_resource type="SpriteFrames" id=87]
animations = [ {
"frames": [ SubResource( 70 ), SubResource( 71 ), SubResource( 72 ), SubResource( 73 ), SubResource( 74 ) ],
"loop": true,
"name": "join",
"speed": 30.0
}, {
"frames": [ SubResource( 75 ), SubResource( 76 ), SubResource( 77 ), SubResource( 78 ), SubResource( 79 ), SubResource( 80 ) ],
"loop": true,
"name": "host",
"speed": 30.0
}, {
"frames": [ SubResource( 81 ), SubResource( 82 ), SubResource( 83 ), SubResource( 84 ), SubResource( 85 ), SubResource( 86 ) ],
"loop": true,
"name": "players",
"speed": 30.0
} ]

[sub_resource type="CubeMesh" id=88]

[sub_resource type="SpatialMaterial" id=89]
albedo_color = Color( 0.0941176, 0.0784314, 0.145098, 1 )

[sub_resource type="PlaneMesh" id=90]

[node name="LobbyWorld" type="Spatial"]

[node name="Lobby" type="Control" parent="."]
anchor_left = -0.00232005
anchor_top = 0.00990112
anchor_right = 0.99768
anchor_bottom = 1.0099
margin_top = -0.00100434
margin_bottom = -0.00100708
size_flags_horizontal = 2
size_flags_vertical = 2
script = ExtResource( 3 )
__meta__ = {
"_edit_use_anchors_": false
}

[node name="Players" type="Panel" parent="Lobby"]
visible = false
anchor_left = 0.5
anchor_top = 0.5
anchor_right = 0.5
anchor_bottom = 0.5
margin_left = -126.0
margin_top = -177.5
margin_right = -126.0
margin_bottom = -177.5
size_flags_horizontal = 2
size_flags_vertical = 2
__meta__ = {
"_edit_use_anchors_": false
}

[node name="LeaveButton" type="TextureButton" parent="Lobby/Players" groups=[
"button",
]]
margin_left = 203.0
margin_top = 132.5
margin_right = 223.0
margin_bottom = 148.5
rect_rotation = -90.0
script = ExtResource( 5 )
__meta__ = {
"_edit_use_anchors_": false
}

[node name="Anim" type="AnimatedSprite" parent="Lobby/Players/LeaveButton"]
frames = SubResource( 4 )
animation = "unfocused"
centered = false

[node name="ColourSelection" type="Control" parent="Lobby/Players"]
margin_left = 107.0
margin_top = 221.5
margin_right = 147.0
margin_bottom = 261.5
script = ExtResource( 2 )
__meta__ = {
"_edit_use_anchors_": false
}

[node name="SelectRight" type="TextureButton" parent="Lobby/Players/ColourSelection" groups=[
"button",
]]
margin_left = 29.411
margin_top = -7.545
margin_right = 45.4109
margin_bottom = 8.455
rect_rotation = 90.0
script = ExtResource( 5 )
__meta__ = {
"_edit_use_anchors_": false
}

[node name="Anim" type="AnimatedSprite" parent="Lobby/Players/ColourSelection/SelectRight"]
frames = SubResource( 4 )
animation = "unfocused"
centered = false

[node name="SelectLeft" type="TextureButton" parent="Lobby/Players/ColourSelection" groups=[
"button",
]]
margin_left = -30.41
margin_top = 8.37
margin_right = -10.41
margin_bottom = 24.37
rect_rotation = -90.0
script = ExtResource( 5 )
__meta__ = {
"_edit_use_anchors_": false
}

[node name="Anim" type="AnimatedSprite" parent="Lobby/Players/ColourSelection/SelectLeft"]
frames = SubResource( 4 )
animation = "unfocused"
centered = false

[node name="DisplayColour" type="Panel" parent="Lobby/Players/ColourSelection"]
margin_left = -9.0
margin_top = -6.0
margin_right = 9.0
margin_bottom = 8.0
__meta__ = {
"_edit_use_anchors_": false
}

[node name="List" type="ItemList" parent="Lobby/Players"]
margin_left = 74.0
margin_top = 135.5
margin_right = 139.0
margin_bottom = 209.5
size_flags_horizontal = 2
size_flags_vertical = 2
custom_styles/cursor = SubResource( 5 )
custom_styles/selected_focus = SubResource( 6 )
custom_styles/bg_focus = SubResource( 7 )
custom_styles/cursor_unfocused = SubResource( 8 )
custom_styles/selected = SubResource( 9 )
custom_styles/bg = SubResource( 10 )
__meta__ = {
"_edit_use_anchors_": false
}

[node name="MapSelector" parent="Lobby/Players" instance=ExtResource( 1 )]
visible = false
margin_left = 294.0
margin_top = 21.5
margin_right = 334.0
margin_bottom = 61.5

[node name="MenuOutline" type="Sprite" parent="Lobby/Players"]
position = Vector2( 129, 196.5 )
texture = ExtResource( 21 )
offset = Vector2( -0.478, 0.459 )

[node name="Start" type="TextureButton" parent="Lobby/Players"]
margin_left = 70.0
margin_top = 242.5
margin_right = 154.0
margin_bottom = 268.5
script = ExtResource( 5 )
__meta__ = {
"_edit_use_anchors_": false
}

[node name="Anim" type="AnimatedSprite" parent="Lobby/Players/Start"]
frames = SubResource( 19 )
animation = "unfocused"
centered = false

[node name="RoundTime" type="LineEdit" parent="Lobby/Players"]
margin_left = 144.547
margin_top = 144.963
margin_right = 192.547
margin_bottom = 158.963
size_flags_horizontal = 2
size_flags_vertical = 2
custom_styles/focus = SubResource( 20 )
custom_styles/normal = SubResource( 20 )
align = 1
max_length = 2
__meta__ = {
"_edit_use_anchors_": false
}

[node name="RoundNumber" type="LineEdit" parent="Lobby/Players"]
margin_left = 143.839
margin_top = 185.268
margin_right = 191.839
margin_bottom = 199.268
size_flags_horizontal = 2
size_flags_vertical = 2
custom_styles/focus = SubResource( 20 )
custom_styles/normal = SubResource( 20 )
align = 1
max_length = 2
__meta__ = {
"_edit_use_anchors_": false
}

[node name="Connect" type="Panel" parent="Lobby"]
visible = false
anchor_left = 0.5
anchor_top = 0.5
anchor_right = 0.5
anchor_bottom = 0.5
margin_left = -138.0
margin_top = -83.9995
margin_right = -138.0
margin_bottom = -83.9995
size_flags_horizontal = 2
size_flags_vertical = 2
__meta__ = {
"_edit_use_anchors_": false
}

[node name="LeaveButton2" type="TextureButton" parent="Lobby/Connect" groups=[
"button",
]]
margin_left = 215.0
margin_top = 39.0
margin_right = 235.0
margin_bottom = 55.0
rect_rotation = -90.0
script = ExtResource( 5 )
__meta__ = {
"_edit_use_anchors_": false
}

[node name="Anim" type="AnimatedSprite" parent="Lobby/Connect/LeaveButton2"]
frames = SubResource( 4 )
animation = "unfocused"
centered = false

[node name="TitlePillar" type="Sprite" parent="Lobby/Connect"]
position = Vector2( 79, 103 )
texture = ExtResource( 22 )

[node name="IPAddress" type="LineEdit" parent="Lobby/Connect"]
margin_left = 117.5
margin_top = 107.5
margin_right = 199.5
margin_bottom = 131.5
custom_styles/read_only = SubResource( 21 )
custom_styles/focus = SubResource( 22 )
custom_styles/normal = SubResource( 23 )
text = "127.0.0.1"
align = 1
max_length = 15
placeholder_text = "Your IPv4"
caret_blink = true
__meta__ = {
"_edit_use_anchors_": false
}

[node name="Name" type="LineEdit" parent="Lobby/Connect"]
margin_left = 117.5
margin_top = 50.5005
margin_right = 199.5
margin_bottom = 74.5005
size_flags_horizontal = 2
size_flags_vertical = 2
custom_styles/focus = SubResource( 20 )
custom_styles/normal = SubResource( 24 )
align = 1
max_length = 8
placeholder_text = "Your Name"
__meta__ = {
"_edit_use_anchors_": false
}

[node name="ErrorLabel" type="Label" parent="Lobby/Connect"]
margin_left = 15.0
margin_top = 125.0
margin_right = 257.0
margin_bottom = 139.0
size_flags_horizontal = 2
size_flags_vertical = 0
custom_colors/font_color = Color( 0.820312, 0.291595, 0.291595, 1 )
align = 1

[node name="join" type="TextureButton" parent="Lobby/Connect" groups=[
"button",
]]
margin_left = 115.496
margin_top = 141.546
margin_right = 220.496
margin_bottom = 177.546
rect_scale = Vector2( 0.828, 0.844 )
script = ExtResource( 5 )
__meta__ = {
"_edit_use_anchors_": false
}

[node name="Anim" type="AnimatedSprite" parent="Lobby/Connect/join"]
frames = SubResource( 33 )
animation = "unfocused"
centered = false

[node name="BackButton" type="TextureButton" parent="Lobby/Connect" groups=[
"button",
]]
margin_left = 214.5
margin_top = 38.5005
margin_right = 234.5
margin_bottom = 54.5005
rect_rotation = -90.0
script = ExtResource( 5 )
__meta__ = {
"_edit_use_anchors_": false
}

[node name="Anim" type="AnimatedSprite" parent="Lobby/Connect/BackButton"]
frames = SubResource( 4 )
animation = "unfocused"
centered = false

[node name="JoinMenu" type="Sprite" parent="Lobby/Connect"]
position = Vector2( 158.5, 103 )
texture = ExtResource( 17 )

[node name="ErrorDialog" type="AcceptDialog" parent="Lobby"]
margin_right = 55.0
margin_bottom = 58.0
size_flags_horizontal = 2
size_flags_vertical = 2

[node name="Menu" type="Control" parent="Lobby"]
margin_left = -128.0
margin_top = -96.0
margin_right = -88.0
margin_bottom = -56.0
__meta__ = {
"_edit_use_anchors_": false
}

[node name="TitlePillar" type="Sprite" parent="Lobby/Menu"]
position = Vector2( 453, 340 )
texture = ExtResource( 22 )

[node name="Main" type="Panel" parent="Lobby/Menu"]
margin_left = 472.0
margin_top = 240.0
margin_right = 472.0
margin_bottom = 240.0
__meta__ = {
"_edit_use_anchors_": false
}

[node name="TitlePillar" type="Sprite" parent="Lobby/Menu/Main"]
position = Vector2( -19, 100 )
texture = ExtResource( 22 )

[node name="JoinButton" type="TextureButton" parent="Lobby/Menu/Main" groups=[
"button",
]]
margin_left = 8.0
margin_top = 16.0
margin_right = 113.0
margin_bottom = 52.0
script = ExtResource( 5 )
__meta__ = {
"_edit_use_anchors_": false
}

[node name="Anim" type="AnimatedSprite" parent="Lobby/Menu/Main/JoinButton"]
frames = SubResource( 42 )
animation = "unfocused"
centered = false

[node name="HostButton" type="TextureButton" parent="Lobby/Menu/Main" groups=[
"button",
]]
margin_left = 8.0
margin_top = 60.0
margin_right = 113.0
margin_bottom = 96.0
script = ExtResource( 5 )
__meta__ = {
"_edit_use_anchors_": false
}

[node name="Anim" type="AnimatedSprite" parent="Lobby/Menu/Main/HostButton"]
frames = SubResource( 51 )
animation = "unfocused"
centered = false

[node name="OptionsButton" type="TextureButton" parent="Lobby/Menu/Main" groups=[
"button",
]]
margin_left = 8.0
margin_top = 104.0
margin_right = 113.0
margin_bottom = 140.0
script = ExtResource( 5 )
__meta__ = {
"_edit_use_anchors_": false
}

[node name="Anim" type="AnimatedSprite" parent="Lobby/Menu/Main/OptionsButton"]
frames = SubResource( 60 )
animation = "unfocused"
centered = false

[node name="ExitButton" type="TextureButton" parent="Lobby/Menu/Main" groups=[
"button",
]]
margin_left = 8.0
margin_top = 148.0
margin_right = 113.0
margin_bottom = 184.0
script = ExtResource( 5 )
__meta__ = {
"_edit_use_anchors_": false
}

[node name="Anim" type="AnimatedSprite" parent="Lobby/Menu/Main/ExitButton"]
frames = SubResource( 69 )
animation = "unfocused"
centered = false

[node name="Host" type="Panel" parent="Lobby/Menu"]
visible = false
margin_left = 352.0
margin_top = 152.0
margin_right = 352.0
margin_bottom = 152.0
__meta__ = {
"_edit_use_anchors_": false
}

[node name="HostMenu" type="Sprite" parent="Lobby/Menu/Host"]
position = Vector2( 180.5, 188 )
texture = ExtResource( 16 )

[node name="Hosting" type="Control" parent="Lobby/Menu/Host"]
margin_left = 8.0
margin_top = 232.0
margin_right = 48.0
margin_bottom = 272.0

[node name="IPAddress" type="LineEdit" parent="Lobby/Menu/Host/Hosting"]
margin_left = 131.0
margin_top = -39.0
margin_right = 213.0
margin_bottom = -15.0
custom_styles/read_only = SubResource( 21 )
custom_styles/focus = SubResource( 22 )
custom_styles/normal = SubResource( 23 )
text = "127.0.0.1"
align = 1
max_length = 15
placeholder_text = "Your IPv4"
caret_blink = true
__meta__ = {
"_edit_use_anchors_": false
}

[node name="host" type="TextureButton" parent="Lobby/Menu/Host/Hosting" groups=[
"button",
]]
margin_left = 129.0
margin_top = -5.0
margin_right = 234.0
margin_bottom = 31.0
rect_scale = Vector2( 0.828, 0.86 )
script = ExtResource( 5 )
__meta__ = {
"_edit_use_anchors_": false
}

[node name="Anim" type="AnimatedSprite" parent="Lobby/Menu/Host/Hosting/host"]
frames = SubResource( 51 )
animation = "unfocused"
centered = false

[node name="Name" type="LineEdit" parent="Lobby/Menu/Host/Hosting"]
margin_left = 131.0
margin_top = -96.0
margin_right = 213.0
margin_bottom = -72.0
size_flags_horizontal = 2
size_flags_vertical = 2
custom_styles/focus = SubResource( 20 )
custom_styles/normal = SubResource( 24 )
align = 1
max_length = 8
placeholder_text = "Your Name"
__meta__ = {
"_edit_use_anchors_": false
}

[node name="ErrorLabel" type="Label" parent="Lobby/Menu/Host/Hosting"]
margin_left = 8.0
margin_top = 16.0
margin_right = 48.0
margin_bottom = 30.0
__meta__ = {
"_edit_use_anchors_": false
}

[node name="BackButton" type="TextureButton" parent="Lobby/Menu/Host" groups=[
"button",
]]
margin_left = 237.0
margin_top = 124.0
margin_right = 257.0
margin_bottom = 140.0
rect_rotation = -90.0
script = ExtResource( 5 )
__meta__ = {
"_edit_use_anchors_": false
}

[node name="Anim" type="AnimatedSprite" parent="Lobby/Menu/Host/BackButton"]
frames = SubResource( 4 )
animation = "unfocused"
centered = false

[node name="Options" type="Panel" parent="Lobby/Menu"]
visible = false
margin_left = 384.0
margin_top = 192.0
margin_right = 640.0
margin_bottom = 448.0
script = ExtResource( 28 )

[node name="MenuOutline" type="Sprite" parent="Lobby/Menu/Options"]
position = Vector2( 148, 148 )
texture = ExtResource( 14 )

[node name="BackButton" type="Button" parent="Lobby/Menu/Options" groups=[
"button",
]]
margin_left = 8.0
margin_top = 8.0
margin_right = 24.0
margin_bottom = 28.0

[node name="VBoxContainer" type="VBoxContainer" parent="Lobby/Menu/Options"]
margin_left = 24.0
margin_top = 59.0
margin_right = 150.0
margin_bottom = 234.0
custom_constants/separation = 10
__meta__ = {
"_edit_use_anchors_": false
}

[node name="Label" type="Label" parent="Lobby/Menu/Options/VBoxContainer"]
margin_right = 126.0
margin_bottom = 14.0
text = "Move up"

[node name="Label2" type="Label" parent="Lobby/Menu/Options/VBoxContainer"]
margin_top = 24.0
margin_right = 126.0
margin_bottom = 38.0
text = "Move Down"

[node name="Label3" type="Label" parent="Lobby/Menu/Options/VBoxContainer"]
margin_top = 48.0
margin_right = 126.0
margin_bottom = 62.0
text = "Move Left"

[node name="Label4" type="Label" parent="Lobby/Menu/Options/VBoxContainer"]
margin_top = 72.0
margin_right = 126.0
margin_bottom = 86.0
text = "Move Right"

[node name="Label5" type="Label" parent="Lobby/Menu/Options/VBoxContainer"]
margin_top = 96.0
margin_right = 126.0
margin_bottom = 110.0
text = "Push"

[node name="Label6" type="Label" parent="Lobby/Menu/Options/VBoxContainer"]
margin_top = 120.0
margin_right = 126.0
margin_bottom = 134.0
text = "Pull"

[node name="Label7" type="Label" parent="Lobby/Menu/Options/VBoxContainer"]
margin_top = 144.0
margin_right = 126.0
margin_bottom = 158.0
text = "Dash"

[node name="Label8" type="Label" parent="Lobby/Menu/Options/VBoxContainer"]
margin_top = 168.0
margin_right = 126.0
margin_bottom = 182.0
text = "Summon Rock"

[node name="Buttons" type="VBoxContainer" parent="Lobby/Menu/Options"]
margin_left = 164.0
margin_top = 59.0
margin_right = 238.0
margin_bottom = 230.0
custom_constants/separation = 3
__meta__ = {
"_edit_use_anchors_": false
}

[node name="Button1" type="Button" parent="Lobby/Menu/Options/Buttons"]
margin_right = 74.0
margin_bottom = 20.0

[node name="Label" type="Label" parent="Lobby/Menu/Options/Buttons/Button1"]
margin_right = 40.0
margin_bottom = 14.0
__meta__ = {
"_edit_use_anchors_": false
}

[node name="Button2" type="Button" parent="Lobby/Menu/Options/Buttons"]
margin_top = 23.0
margin_right = 74.0
margin_bottom = 43.0

[node name="Label" type="Label" parent="Lobby/Menu/Options/Buttons/Button2"]
margin_right = 40.0
margin_bottom = 14.0
__meta__ = {
"_edit_use_anchors_": false
}

[node name="Button3" type="Button" parent="Lobby/Menu/Options/Buttons"]
margin_top = 46.0
margin_right = 74.0
margin_bottom = 66.0

[node name="Label" type="Label" parent="Lobby/Menu/Options/Buttons/Button3"]
margin_right = 40.0
margin_bottom = 14.0
__meta__ = {
"_edit_use_anchors_": false
}

[node name="Button4" type="Button" parent="Lobby/Menu/Options/Buttons"]
margin_top = 69.0
margin_right = 74.0
margin_bottom = 89.0

[node name="Label" type="Label" parent="Lobby/Menu/Options/Buttons/Button4"]
margin_right = 40.0
margin_bottom = 14.0
__meta__ = {
"_edit_use_anchors_": false
}

[node name="Button5" type="Button" parent="Lobby/Menu/Options/Buttons"]
margin_top = 92.0
margin_right = 74.0
margin_bottom = 112.0

[node name="Label" type="Label" parent="Lobby/Menu/Options/Buttons/Button5"]
margin_right = 40.0
margin_bottom = 14.0
__meta__ = {
"_edit_use_anchors_": false
}

[node name="Button6" type="Button" parent="Lobby/Menu/Options/Buttons"]
margin_top = 115.0
margin_right = 74.0
margin_bottom = 135.0

[node name="Label" type="Label" parent="Lobby/Menu/Options/Buttons/Button6"]
margin_right = 40.0
margin_bottom = 14.0
__meta__ = {
"_edit_use_anchors_": false
}

[node name="Button7" type="Button" parent="Lobby/Menu/Options/Buttons"]
margin_top = 138.0
margin_right = 74.0
margin_bottom = 158.0

[node name="Label" type="Label" parent="Lobby/Menu/Options/Buttons/Button7"]
margin_right = 40.0
margin_bottom = 14.0
__meta__ = {
"_edit_use_anchors_": false
}

[node name="Button8" type="Button" parent="Lobby/Menu/Options/Buttons"]
margin_top = 161.0
margin_right = 74.0
margin_bottom = 181.0

[node name="Label" type="Label" parent="Lobby/Menu/Options/Buttons/Button8"]
margin_right = 40.0
margin_bottom = 14.0
__meta__ = {
"_edit_use_anchors_": false
}

[node name="Title" type="Sprite" parent="Lobby"]
position = Vector2( 379, 104 )
texture = ExtResource( 4 )

[node name="TransitionAnims" type="AnimatedSprite" parent="Lobby"]
visible = false
position = Vector2( 386, 244 )
frames = SubResource( 87 )
animation = "players"

[node name="WorldLight" parent="." instance=ExtResource( 24 )]

[node name="MeshInstance" type="MeshInstance" parent="."]
transform = Transform( 7.5, 0, 0, 0, 1095.71, 0, 0, 0, 6.8, 0, 140.603, 0.268716 )
mesh = SubResource( 88 )
material/0 = SubResource( 89 )

[node name="MeshInstance3" type="MeshInstance" parent="."]
transform = Transform( 3, 0, 0, 0, 1095.71, 0, 0, 0, 3, 47.5, 140.603, 65.2687 )
cast_shadow = 0
use_in_baked_light = true
mesh = SubResource( 88 )
material/0 = SubResource( 89 )

[node name="MeshInstance2" type="MeshInstance" parent="."]
transform = Transform( 400, 0, 0, 0, 1244.7, 0, 0, 0, 400, 0, 0, 0 )
mesh = SubResource( 90 )
material/0 = null

[node name="target_pos" type="Spatial" parent="."]
transform = Transform( 1, 0, 0, 0, 0.499999, 0.866024, 0, -0.866024, 0.499999, 0, 546.966, 16 )

[node name="Clouds" type="Spatial" parent="target_pos"]

[node name="cloud1" type="MeshInstance" parent="target_pos/Clouds"]
transform = Transform( 1, 0, 0, 0, 0.500001, -0.866026, 0, 0.866027, 0.5, 23.6566, 9.97787, -42.8649 )
mesh = ExtResource( 25 )
material/0 = null

[node name="cloud2" type="MeshInstance" parent="target_pos/Clouds"]
transform = Transform( 1, 0, 0, 0, 0.500001, -0.866026, 0, 0.866027, 0.5, -28.0535, -3.71133, -28.4038 )
mesh = ExtResource( 25 )
material/0 = null

[node name="cloud3" type="MeshInstance" parent="target_pos/Clouds"]
transform = Transform( 1, 0, 0, 0, 0.500001, -0.866026, 0, 0.866027, 0.5, -14.9693, 31.6128, -36.9933 )
mesh = ExtResource( 25 )
material/0 = null

[node name="cloud4" type="MeshInstance" parent="target_pos/Clouds"]
transform = Transform( 1, 0, 0, 0, 0.500001, -0.866026, 0, 0.866027, 0.5, -0.552727, -13.6791, -44.3357 )
mesh = ExtResource( 25 )
material/0 = null

[node name="cloud5" type="MeshInstance" parent="target_pos/Clouds"]
transform = Transform( 0.997931, 0, -0.0643058, -0.0556907, 0.500001, -0.864234, 0.032153, 0.866027, 0.498965, 23.7301, 7.56458, -83.011 )
mesh = ExtResource( 25 )
material/0 = null

[node name="cloud6" type="MeshInstance" parent="target_pos/Clouds"]
transform = Transform( 0.997931, 0, -0.0643058, -0.0556907, 0.500001, -0.864234, 0.032153, 0.866027, 0.498965, -29.1003, -3.21072, -70.2323 )
mesh = ExtResource( 25 )
material/0 = null

[node name="cloud7" type="MeshInstance" parent="target_pos/Clouds"]
transform = Transform( 0.997931, 0, -0.0643058, -0.0556907, 0.500001, -0.864234, 0.032153, 0.866027, 0.498965, -13.7997, 31.3222, -78.3651 )
mesh = ExtResource( 25 )
material/0 = null

[node name="cloud8" type="MeshInstance" parent="target_pos/Clouds"]
transform = Transform( 0.997931, 0, -0.0643058, -0.0556907, 0.500001, -0.864234, 0.032153, 0.866027, 0.498965, -1.69926, -14.7088, -85.2808 )
mesh = ExtResource( 25 )
material/0 = null

[node name="cloud9" type="MeshInstance" parent="target_pos/Clouds"]
transform = Transform( -0.997743, 0, 0.0671618, 0.058164, 0.500001, 0.864071, -0.033581, 0.866027, -0.498872, -29.1, -62.5274, -94.2032 )
mesh = ExtResource( 25 )
material/0 = null

[node name="cloud10" type="MeshInstance" parent="target_pos/Clouds"]
transform = Transform( -0.997743, 0, 0.0671618, 0.058164, 0.500001, 0.864071, -0.033581, 0.866027, -0.498872, 23.7752, -46.2041, -97.0698 )
mesh = ExtResource( 25 )
material/0 = null

[node name="cloud11" type="MeshInstance" parent="target_pos/Clouds"]
transform = Transform( -0.997743, 0, 0.0671618, 0.058164, 0.500001, 0.864071, -0.033581, 0.866027, -0.498872, 8.37748, -70.4756, -71.2517 )
mesh = ExtResource( 25 )
material/0 = null

[node name="cloud12" type="MeshInstance" parent="target_pos/Clouds"]
transform = Transform( -0.997743, 0, 0.0671618, 0.058164, 0.500001, 0.864071, -0.033581, 0.866027, -0.498872, -3.61876, -53.4194, -114.591 )
mesh = ExtResource( 25 )
material/0 = null

[node name="cloud13" type="MeshInstance" parent="target_pos/Clouds"]
transform = Transform( -0.997743, 0, 0.0671618, 0.058164, 0.500001, 0.864071, -0.033581, 0.866027, -0.498872, -29.1, -28.5257, -165.379 )
mesh = ExtResource( 25 )
material/0 = null

[node name="cloud14" type="MeshInstance" parent="target_pos/Clouds"]
transform = Transform( -0.997743, 0, 0.0671618, 0.058164, 0.500001, 0.864071, -0.033581, 0.866027, -0.498872, 23.7752, -12.2024, -168.246 )
mesh = ExtResource( 25 )
material/0 = null

[node name="cloud15" type="MeshInstance" parent="target_pos/Clouds"]
transform = Transform( -0.997743, 0, 0.0671618, 0.058164, 0.500001, 0.864071, -0.033581, 0.866027, -0.498872, 8.37748, -36.4738, -142.428 )
mesh = ExtResource( 25 )
material/0 = null

[node name="cloud16" type="MeshInstance" parent="target_pos/Clouds"]
transform = Transform( -0.997743, 0, 0.0671618, 0.058164, 0.500001, 0.864071, -0.033581, 0.866027, -0.498872, -3.61876, -19.4177, -185.767 )
mesh = ExtResource( 25 )
material/0 = null

[node name="cloud17" type="MeshInstance" parent="target_pos/Clouds"]
transform = Transform( 0.999486, 0, -0.032091, -0.0277917, 0.500001, -0.865581, 0.0160456, 0.866027, 0.499743, 87.0067, -92.6326, -128.367 )
mesh = ExtResource( 25 )
material/0 = null

[node name="cloud18" type="MeshInstance" parent="target_pos/Clouds"]
transform = Transform( 0.999486, 0, -0.032091, -0.0277917, 0.500001, -0.865581, 0.0160456, 0.866027, 0.499743, 34.7107, -104.876, -114.741 )
mesh = ExtResource( 25 )
material/0 = null

[node name="cloud19" type="MeshInstance" parent="target_pos/Clouds"]
transform = Transform( 0.999486, 0, -0.032091, -0.0277917, 0.500001, -0.865581, 0.0160456, 0.866027, 0.499743, 48.9077, -69.9312, -123.111 )
mesh = ExtResource( 25 )
material/0 = null

[node name="cloud20" type="MeshInstance" parent="target_pos/Clouds"]
transform = Transform( 0.999486, 0, -0.032091, -0.0277917, 0.500001, -0.865581, 0.0160456, 0.866027, 0.499743, 62.1759, -115.608, -130.231 )
mesh = ExtResource( 25 )
material/0 = null

[node name="cloud21" type="MeshInstance" parent="target_pos/Clouds"]
transform = Transform( 0.999486, 0, -0.032091, -0.0277917, 0.500001, -0.865582, 0.0160456, 0.866027, 0.499744, 67.7155, -9.04347, -104.504 )
mesh = ExtResource( 25 )
material/0 = null

[node name="cloud22" type="MeshInstance" parent="target_pos/Clouds"]
transform = Transform( 0.999486, 0, -0.032091, -0.0277917, 0.500001, -0.865582, 0.0160456, 0.866027, 0.499744, 15.4196, -21.287, -90.8779 )
mesh = ExtResource( 25 )
material/0 = null

[node name="cloud23" type="MeshInstance" parent="target_pos/Clouds"]
transform = Transform( 0.999486, 0, -0.032091, -0.0277917, 0.500001, -0.865582, 0.0160456, 0.866027, 0.499744, 29.6166, 13.6578, -99.2485 )
mesh = ExtResource( 25 )
material/0 = null

[node name="cloud24" type="MeshInstance" parent="target_pos/Clouds"]
transform = Transform( 0.999486, 0, -0.032091, -0.0277917, 0.500001, -0.865582, 0.0160456, 0.866027, 0.499744, 42.8848, -32.0188, -106.369 )
mesh = ExtResource( 25 )
material/0 = null

[node name="cloud25" type="MeshInstance" parent="target_pos/Clouds"]
transform = Transform( 0.999486, 0, -0.032091, -0.0277917, 0.500001, -0.865582, 0.0160456, 0.866027, 0.499744, -65.3827, -53.0578, -79.0927 )
mesh = ExtResource( 25 )
material/0 = null

[node name="cloud26" type="MeshInstance" parent="target_pos/Clouds"]
transform = Transform( 0.999486, 0, -0.032091, -0.0277917, 0.500001, -0.865582, 0.0160456, 0.866027, 0.499744, -117.679, -65.3013, -65.4663 )
mesh = ExtResource( 25 )
material/0 = null

[node name="cloud27" type="MeshInstance" parent="target_pos/Clouds"]
transform = Transform( 0.999486, 0, -0.032091, -0.0277917, 0.500001, -0.865582, 0.0160456, 0.866027, 0.499744, -103.482, -30.3566, -73.8369 )
mesh = ExtResource( 25 )
material/0 = null

[node name="cloud28" type="MeshInstance" parent="target_pos/Clouds"]
transform = Transform( 0.999486, 0, -0.032091, -0.0277917, 0.500001, -0.865582, 0.0160456, 0.866027, 0.499744, -90.2134, -76.0332, -80.957 )
mesh = ExtResource( 25 )
material/0 = null

[node name="cloud29" type="MeshInstance" parent="target_pos/Clouds"]
transform = Transform( 0.999486, 0, -0.032091, -0.0277917, 0.500001, -0.865582, 0.0160456, 0.866027, 0.499744, -21.008, -37.3674, -216.998 )
mesh = ExtResource( 25 )
material/0 = null

[node name="cloud30" type="MeshInstance" parent="target_pos/Clouds"]
transform = Transform( 0.999486, 0, -0.032091, -0.0277917, 0.500001, -0.865583, 0.0160456, 0.866027, 0.499744, -73.304, -49.611, -203.372 )
mesh = ExtResource( 25 )
material/0 = null

[node name="cloud31" type="MeshInstance" parent="target_pos/Clouds"]
transform = Transform( 0.999486, 0, -0.032091, -0.0277917, 0.500001, -0.865582, 0.0160456, 0.866027, 0.499744, -59.107, -14.6661, -211.743 )
mesh = ExtResource( 25 )
material/0 = null

[node name="cloud32" type="MeshInstance" parent="target_pos/Clouds"]
transform = Transform( 0.999486, 0, -0.032091, -0.0277917, 0.500001, -0.865582, 0.0160456, 0.866027, 0.499744, -45.8387, -60.3427, -218.862 )
mesh = ExtResource( 25 )
material/0 = null

[node name="cloud33" type="MeshInstance" parent="target_pos/Clouds"]
transform = Transform( 0.999486, 0, -0.032091, -0.0277917, 0.500001, -0.865583, 0.0160456, 0.866027, 0.499744, -21.008, -37.3675, -216.998 )
mesh = ExtResource( 25 )
material/0 = null

[node name="cloud34" type="MeshInstance" parent="target_pos/Clouds"]
transform = Transform( 0.999486, 0, -0.032091, -0.0277917, 0.500001, -0.865583, 0.0160456, 0.866027, 0.499744, -73.304, -49.6109, -203.372 )
mesh = ExtResource( 25 )
material/0 = null

[node name="cloud35" type="MeshInstance" parent="target_pos/Clouds"]
transform = Transform( 0.999486, 0, -0.032091, -0.0277917, 0.500001, -0.865583, 0.0160456, 0.866027, 0.499744, -59.107, -14.6661, -211.743 )
mesh = ExtResource( 25 )
material/0 = null

